1 # bones
root
-1 # parent index
0.0 0.0 0.0
1 # meshes
10_mat001_1.0_0.0_0.0
1 # uv layers
1 # textures
0 Celtic 02.png
0 # uv layer index
118 # vertices
0.0768133 0.159504 -0.0257277
-0.0690659 -0.304756 -0.949923
255 255 255 0
0.650625 0.178918
0 0 0 0
1.0 0.0 0.0 0.0
0.0697707 0.144878 0.0
-0.379678 -0.91297 0.14943
255 255 255 0
0.636814 0.207598
0 0 0 0
1.0 0.0 0.0 0.0
0.0 0.160804 0.0
0.0540593 -0.987293 0.14943
255 255 255 0
0.5 0.176371
0 0 0 0
1.0 0.0 0.0 0.0
0.0 0.177037 -0.0257277
2.1026e-006 -0.422057 -0.906569
255 255 255 0
0.5 0.144538
0 0 0 0
1.0 0.0 0.0 0.0
0.0768133 0.159504 -0.0257277
-0.18954 -0.830409 -0.523923
255 255 255 0
0.650625 0.178918
0 0 0 0
1.0 0.0 0.0 0.0
0.0 0.160804 0.0
-0.18954 -0.830409 -0.523923
255 255 255 0
0.5 0.176371
0 0 0 0
1.0 0.0 0.0 0.0
0.138414 0.110382 -0.0257277
-0.311129 -0.230724 -0.921936
255 255 255 0
0.771418 0.275246
0 0 0 0
1.0 0.0 0.0 0.0
0.125721 0.100259 0.0
-0.781837 -0.623483 -2.75046e-006
255 255 255 0
0.746529 0.295094
0 0 0 0
1.0 0.0 0.0 0.0
0.0768133 0.159504 -0.0257277
-0.53104 -0.665943 -0.523943
255 255 255 0
0.650625 0.178918
0 0 0 0
1.0 0.0 0.0 0.0
0.138414 0.110382 -0.0257277
-0.53104 -0.665943 -0.523943
255 255 255 0
0.771418 0.275246
0 0 0 0
1.0 0.0 0.0 0.0
0.0697707 0.144878 0.0
-0.53104 -0.665943 -0.523943
255 255 255 0
0.636814 0.207598
0 0 0 0
1.0 0.0 0.0 0.0
0.172597 0.0393947 -0.0257277
-0.239968 -0.117277 -0.963671
255 255 255 0
0.838452 0.414445
0 0 0 0
1.0 0.0 0.0 0.0
0.156771 0.0357816 0.0
-0.950513 -0.272377 0.149449
255 255 255 0
0.807417 0.421528
0 0 0 0
1.0 0.0 0.0 0.0
0.172597 -0.0393947 -0.0257277
-0.3744 0.0993914 -0.921925
255 255 255 0
0.838452 0.568944
0 0 0 0
1.0 0.0 0.0 0.0
0.156771 -0.0357816 0.0
-0.974932 0.222505 -1.72034e-006
255 255 255 0
0.807417 0.56186
0 0 0 0
1.0 0.0 0.0 0.0
0.172597 0.0393947 -0.0257277
-0.851742 0.0 -0.523961
255 255 255 0
0.838452 0.414445
0 0 0 0
1.0 0.0 0.0 0.0
0.172597 -0.0393947 -0.0257277
-0.851742 0.0 -0.523961
255 255 255 0
0.838452 0.568944
0 0 0 0
1.0 0.0 0.0 0.0
0.156771 0.0357816 0.0
-0.851742 0.0 -0.523961
255 255 255 0
0.807417 0.421528
0 0 0 0
1.0 0.0 0.0 0.0
0.138414 -0.110382 -0.0257277
-0.329945 0.263125 -0.906588
255 255 255 0
0.771418 0.708143
0 0 0 0
1.0 0.0 0.0 0.0
0.125721 -0.100259 0.0
-0.781835 0.623485 -2.2991e-005
255 255 255 0
0.746529 0.688295
0 0 0 0
1.0 0.0 0.0 0.0
0.0768133 -0.159504 -0.0257277
-0.18312 0.380256 -0.906572
255 255 255 0
0.650625 0.804471
0 0 0 0
1.0 0.0 0.0 0.0
0.0697707 -0.144878 0.0
-0.433893 0.900965 3.70613e-006
255 255 255 0
0.636814 0.775791
0 0 0 0
1.0 0.0 0.0 0.0
0.0 -0.177037 -0.0257277
-0.0609498 0.260051 -0.963669
255 255 255 0
0.5 0.838851
0 0 0 0
1.0 0.0 0.0 0.0
0.0 -0.160804 0.0
-0.0540593 0.987293 0.14943
255 255 255 0
0.5 0.807017
0 0 0 0
1.0 0.0 0.0 0.0
-0.0768133 -0.159504 -0.0257277
0.180217 0.342907 -0.92192
255 255 255 0
0.349375 0.804471
0 0 0 0
1.0 0.0 0.0 0.0
-0.0697707 -0.144878 0.0
0.433889 0.900966 -6.73262e-006
255 255 255 0
0.363186 0.775791
0 0 0 0
1.0 0.0 0.0 0.0
0.0 -0.177037 -0.0257277
0.18954 0.830409 -0.523923
255 255 255 0
0.5 0.838851
0 0 0 0
1.0 0.0 0.0 0.0
-0.0768133 -0.159504 -0.0257277
0.18954 0.830409 -0.523923
255 255 255 0
0.349375 0.804471
0 0 0 0
1.0 0.0 0.0 0.0
0.0 -0.160804 0.0
0.18954 0.830409 -0.523923
255 255 255 0
0.5 0.807017
0 0 0 0
1.0 0.0 0.0 0.0
-0.138414 -0.110382 -0.0257277
0.329951 0.263122 -0.906587
255 255 255 0
0.228582 0.708143
0 0 0 0
1.0 0.0 0.0 0.0
-0.125721 -0.100259 0.0
0.781837 0.623483 -2.75046e-006
255 255 255 0
0.25347 0.688295
0 0 0 0
1.0 0.0 0.0 0.0
-0.172597 -0.0393947 -0.0257277
0.411462 0.0939104 -0.906576
255 255 255 0
0.161548 0.568944
0 0 0 0
1.0 0.0 0.0 0.0
-0.156771 -0.0357816 0.0
0.974932 0.222505 1.72034e-006
255 255 255 0
0.192583 0.56186
0 0 0 0
1.0 0.0 0.0 0.0
-0.172597 0.0393947 -0.0257277
0.411458 -0.0939138 -0.906577
255 255 255 0
0.161548 0.414445
0 0 0 0
1.0 0.0 0.0 0.0
-0.156771 0.0357816 0.0
0.97493 -0.222511 2.63361e-006
255 255 255 0
0.192583 0.421528
0 0 0 0
1.0 0.0 0.0 0.0
-0.138412 0.110382 -0.0257277
0.329965 -0.263142 -0.906576
255 255 255 0
0.228583 0.275246
0 0 0 0
1.0 0.0 0.0 0.0
-0.125721 0.100259 0.0
0.781841 -0.623478 4.10966e-006
255 255 255 0
0.253471 0.295094
0 0 0 0
1.0 0.0 0.0 0.0
-0.0768133 0.159504 -0.0257277
0.18312 -0.380255 -0.906572
255 255 255 0
0.349375 0.178918
0 0 0 0
1.0 0.0 0.0 0.0
-0.0697707 0.144878 0.0
0.433893 -0.900965 3.70613e-006
255 255 255 0
0.363187 0.207598
0 0 0 0
1.0 0.0 0.0 0.0
0.0910821 0.18913 -0.0254396
0.108792 0.227179 -0.967757
255 255 255 0
0.678603 0.120822
0 0 0 0
1.0 0.0 0.0 0.0
0.0 0.209919 -0.0254396
5.34782e-007 0.200031 -0.97979
255 255 255 0
0.5 0.080057
0 0 0 0
1.0 0.0 0.0 0.0
0.164122 0.130882 -0.0254396
0.165458 0.131792 -0.977371
255 255 255 0
0.821831 0.235043
0 0 0 0
1.0 0.0 0.0 0.0
0.0910821 0.18913 -0.0254396
0.00560335 0.00702626 -0.99996
255 255 255 0
0.678603 0.120822
0 0 0 0
1.0 0.0 0.0 0.0
0.164122 0.130882 -0.0254396
0.00560335 0.00702626 -0.99996
255 255 255 0
0.821831 0.235043
0 0 0 0
1.0 0.0 0.0 0.0
0.0768133 0.159504 -0.0257277
0.00560335 0.00702626 -0.99996
255 255 255 0
0.650625 0.178918
0 0 0 0
1.0 0.0 0.0 0.0
0.204656 0.0467127 -0.0254396
0.146866 0.0579884 -0.987455
255 255 255 0
0.901317 0.400097
0 0 0 0
1.0 0.0 0.0 0.0
0.204656 -0.0467127 -0.0254396
0.195013 -0.0445135 -0.97979
255 255 255 0
0.901317 0.583292
0 0 0 0
1.0 0.0 0.0 0.0
0.164122 -0.130882 -0.0254396
0.156395 -0.124718 -0.979789
255 255 255 0
0.821831 0.748346
0 0 0 0
1.0 0.0 0.0 0.0
0.0910821 -0.189133 -0.0254396
0.0867948 -0.180228 -0.979788
255 255 255 0
0.678603 0.862567
0 0 0 0
1.0 0.0 0.0 0.0
0.0 -0.209919 -0.0254396
-1.23532e-006 -0.200031 -0.97979
255 255 255 0
0.5 0.903332
0 0 0 0
1.0 0.0 0.0 0.0
-0.0910821 -0.18913 -0.0254396
-0.0867912 -0.180215 -0.979791
255 255 255 0
0.321397 0.862567
0 0 0 0
1.0 0.0 0.0 0.0
-0.164122 -0.130882 -0.0254396
-0.156393 -0.12472 -0.979789
255 255 255 0
0.178169 0.748346
0 0 0 0
1.0 0.0 0.0 0.0
-0.204656 -0.0467127 -0.0254396
-0.195013 -0.0445125 -0.97979
255 255 255 0
0.098683 0.583292
0 0 0 0
1.0 0.0 0.0 0.0
-0.204656 0.0467127 -0.0254396
-0.195013 0.0445135 -0.97979
255 255 255 0
0.098684 0.400096
0 0 0 0
1.0 0.0 0.0 0.0
-0.164122 0.130882 -0.0254396
-0.156394 0.124718 -0.979789
255 255 255 0
0.178169 0.235043
0 0 0 0
1.0 0.0 0.0 0.0
-0.0910796 0.189133 -0.0254396
-0.0867882 0.180224 -0.979789
255 255 255 0
0.321398 0.120822
0 0 0 0
1.0 0.0 0.0 0.0
0.105223 0.218499 -0.0136517
0.36546 0.758885 -0.53901
255 255 255 0
0.706334 0.063237
0 0 0 0
1.0 0.0 0.0 0.0
0.0 0.242513 -0.0136517
1.25981e-007 0.842299 -0.539011
255 255 255 0
0.5 0.016142
0 0 0 0
1.0 0.0 0.0 0.0
0.189605 0.151204 -0.0136517
0.658538 0.525163 -0.53901
255 255 255 0
0.871802 0.195193
0 0 0 0
1.0 0.0 0.0 0.0
0.236435 0.0539644 -0.0136517
0.910155 0.236539 -0.3401
255 255 255 0
0.963629 0.385874
0 0 0 0
1.0 0.0 0.0 0.0
0.236435 -0.0539644 -0.0136517
0.842249 -0.197999 -0.501411
255 255 255 0
0.963629 0.597515
0 0 0 0
1.0 0.0 0.0 0.0
0.236435 0.0539644 -0.0136517
0.347782 0.0 -0.937575
255 255 255 0
0.963629 0.385874
0 0 0 0
1.0 0.0 0.0 0.0
0.236435 -0.0539644 -0.0136517
0.347782 0.0 -0.937575
255 255 255 0
0.963629 0.597515
0 0 0 0
1.0 0.0 0.0 0.0
0.204656 0.0467127 -0.0254396
0.347782 0.0 -0.937575
255 255 255 0
0.901317 0.400097
0 0 0 0
1.0 0.0 0.0 0.0
0.189605 -0.151204 -0.0136517
0.658539 -0.525162 -0.53901
255 255 255 0
0.871802 0.788196
0 0 0 0
1.0 0.0 0.0 0.0
0.105223 -0.218499 -0.0136517
0.365462 -0.758889 -0.539003
255 255 255 0
0.706334 0.920152
0 0 0 0
1.0 0.0 0.0 0.0
0.0 -0.242513 -0.0136517
-5.16521e-007 -0.842299 -0.539011
255 255 255 0
0.5 0.967247
0 0 0 0
1.0 0.0 0.0 0.0
-0.105223 -0.218499 -0.0136517
-0.36546 -0.758885 -0.53901
255 255 255 0
0.293666 0.920152
0 0 0 0
1.0 0.0 0.0 0.0
-0.189605 -0.151204 -0.0136517
-0.658538 -0.525163 -0.53901
255 255 255 0
0.128198 0.788196
0 0 0 0
1.0 0.0 0.0 0.0
-0.236435 -0.0539644 -0.0136517
-0.82118 -0.187433 -0.53901
255 255 255 0
0.036371 0.597515
0 0 0 0
1.0 0.0 0.0 0.0
-0.236435 0.0539644 -0.0136517
-0.82118 0.187434 -0.539011
255 255 255 0
0.036371 0.385874
0 0 0 0
1.0 0.0 0.0 0.0
-0.189605 0.151204 -0.0136517
-0.658539 0.525162 -0.53901
255 255 255 0
0.128199 0.195192
0 0 0 0
1.0 0.0 0.0 0.0
-0.105223 0.218499 -0.0136517
-0.365462 0.758887 -0.539006
255 255 255 0
0.293666 0.063237
0 0 0 0
1.0 0.0 0.0 0.0
0.105223 0.218499 0.0136517
0.365458 0.758886 0.539011
255 255 255 0
0.706334 0.063237
0 0 0 0
1.0 0.0 0.0 0.0
0.0 0.242513 0.0136517
1.19209e-006 0.842298 0.539012
255 255 255 0
0.5 0.016142
0 0 0 0
1.0 0.0 0.0 0.0
0.189605 0.151204 0.0136517
0.658539 0.525162 0.53901
255 255 255 0
0.871802 0.195193
0 0 0 0
1.0 0.0 0.0 0.0
0.236435 0.0539644 0.0136517
0.82118 0.187434 0.53901
255 255 255 0
0.963629 0.385874
0 0 0 0
1.0 0.0 0.0 0.0
0.236435 -0.0539644 0.0136517
0.82118 -0.187433 0.53901
255 255 255 0
0.963629 0.597515
0 0 0 0
1.0 0.0 0.0 0.0
0.189605 -0.151204 0.0136517
0.658538 -0.525163 0.53901
255 255 255 0
0.871802 0.788196
0 0 0 0
1.0 0.0 0.0 0.0
0.105223 -0.218499 0.0136517
0.36546 -0.758885 0.539011
255 255 255 0
0.706334 0.920152
0 0 0 0
1.0 0.0 0.0 0.0
0.0 -0.242513 0.0136517
0.0202135 -0.916925 0.398546
255 255 255 0
0.5 0.967247
0 0 0 0
1.0 0.0 0.0 0.0
-0.105223 -0.218499 0.0136517
-0.365458 -0.758886 0.539011
255 255 255 0
0.293666 0.920152
0 0 0 0
1.0 0.0 0.0 0.0
-0.189605 -0.151204 0.0136517
-0.658539 -0.525162 0.53901
255 255 255 0
0.128198 0.788196
0 0 0 0
1.0 0.0 0.0 0.0
-0.236435 -0.0539644 0.0136517
-0.82118 -0.187434 0.53901
255 255 255 0
0.036371 0.597515
0 0 0 0
1.0 0.0 0.0 0.0
-0.236435 0.0539644 0.0136517
-0.82118 0.187433 0.53901
255 255 255 0
0.036371 0.385874
0 0 0 0
1.0 0.0 0.0 0.0
-0.189605 0.151204 0.0136517
-0.658538 0.525163 0.53901
255 255 255 0
0.128199 0.195192
0 0 0 0
1.0 0.0 0.0 0.0
-0.105223 0.218499 0.0136517
-0.365462 0.758887 0.539007
255 255 255 0
0.293666 0.063237
0 0 0 0
1.0 0.0 0.0 0.0
0.0910821 0.18913 0.0254396
0.0867883 0.180216 0.979791
255 255 255 0
0.678603 0.120822
0 0 0 0
1.0 0.0 0.0 0.0
0.0 0.209919 0.0254396
2.24239e-006 0.200032 0.979789
255 255 255 0
0.5 0.080057
0 0 0 0
1.0 0.0 0.0 0.0
0.164122 0.130882 0.0254396
0.156394 0.124718 0.979789
255 255 255 0
0.821831 0.235043
0 0 0 0
1.0 0.0 0.0 0.0
0.204656 0.0467127 0.0254396
0.195013 0.0445135 0.97979
255 255 255 0
0.901317 0.400097
0 0 0 0
1.0 0.0 0.0 0.0
0.204656 -0.0467127 0.0254396
0.195013 -0.0445126 0.97979
255 255 255 0
0.901317 0.583292
0 0 0 0
1.0 0.0 0.0 0.0
0.164122 -0.130882 0.0254396
0.156393 -0.12472 0.979789
255 255 255 0
0.821831 0.748346
0 0 0 0
1.0 0.0 0.0 0.0
0.0910821 -0.18913 0.0254396
0.0867912 -0.180215 0.979791
255 255 255 0
0.678603 0.862567
0 0 0 0
1.0 0.0 0.0 0.0
0.0 -0.209919 0.0254396
0.0312616 -0.142327 0.989326
255 255 255 0
0.5 0.903332
0 0 0 0
1.0 0.0 0.0 0.0
-0.0910821 -0.18913 0.0254396
-0.0872421 -0.171237 0.98136
255 255 255 0
0.321397 0.862567
0 0 0 0
1.0 0.0 0.0 0.0
0.0 -0.209919 0.0254396
-0.0773908 -0.339075 0.937571
255 255 255 0
0.5 0.903332
0 0 0 0
1.0 0.0 0.0 0.0
-0.0910821 -0.18913 0.0254396
-0.0773907 -0.339074 0.937571
255 255 255 0
0.321397 0.862567
0 0 0 0
1.0 0.0 0.0 0.0
0.0 -0.242513 0.0136517
-0.0773907 -0.339075 0.937571
255 255 255 0
0.5 0.967247
0 0 0 0
1.0 0.0 0.0 0.0
-0.164122 -0.130882 0.0254396
-0.156394 -0.124718 0.979789
255 255 255 0
0.178169 0.748346
0 0 0 0
1.0 0.0 0.0 0.0
-0.204656 -0.0467127 0.0254396
-0.195013 -0.0445135 0.97979
255 255 255 0
0.098683 0.583292
0 0 0 0
1.0 0.0 0.0 0.0
-0.204656 0.0467127 0.0254396
-0.195013 0.0445126 0.97979
255 255 255 0
0.098684 0.400096
0 0 0 0
1.0 0.0 0.0 0.0
-0.164122 0.130882 0.0254396
-0.156393 0.124719 0.979789
255 255 255 0
0.178169 0.235043
0 0 0 0
1.0 0.0 0.0 0.0
-0.0910796 0.189133 0.0254396
-0.0867892 0.180224 0.979789
255 255 255 0
0.321398 0.120822
0 0 0 0
1.0 0.0 0.0 0.0
0.0768133 0.159504 0.0257277
-0.18312 -0.380255 0.906572
255 255 255 0
0.650625 0.178918
0 0 0 0
1.0 0.0 0.0 0.0
0.0 0.177037 0.0257277
-2.04557e-006 -0.422057 0.906569
255 255 255 0
0.5 0.144538
0 0 0 0
1.0 0.0 0.0 0.0
0.138414 0.110382 0.0257277
-0.329945 -0.263125 0.906588
255 255 255 0
0.771418 0.275246
0 0 0 0
1.0 0.0 0.0 0.0
0.172597 0.0393947 0.0257277
-0.411463 -0.093909 0.906576
255 255 255 0
0.838452 0.414445
0 0 0 0
1.0 0.0 0.0 0.0
0.172597 -0.0393947 0.0257277
-0.411461 0.0939118 0.906576
255 255 255 0
0.838452 0.568944
0 0 0 0
1.0 0.0 0.0 0.0
0.138412 -0.110382 0.0257277
-0.329967 0.263145 0.906574
255 255 255 0
0.771417 0.708143
0 0 0 0
1.0 0.0 0.0 0.0
0.0768133 -0.159504 0.0257277
-0.183122 0.380257 0.906571
255 255 255 0
0.650625 0.804471
0 0 0 0
1.0 0.0 0.0 0.0
0.0 -0.177037 0.0257277
2.10372e-006 0.422056 0.90657
255 255 255 0
0.5 0.83885
0 0 0 0
1.0 0.0 0.0 0.0
-0.0768133 -0.159504 0.0257277
0.18312 0.380255 0.906572
255 255 255 0
0.349375 0.804471
0 0 0 0
1.0 0.0 0.0 0.0
-0.138414 -0.110382 0.0257277
0.329945 0.263125 0.906588
255 255 255 0
0.228582 0.708143
0 0 0 0
1.0 0.0 0.0 0.0
-0.172597 -0.0393947 0.0257277
0.411463 0.093909 0.906576
255 255 255 0
0.161548 0.568944
0 0 0 0
1.0 0.0 0.0 0.0
-0.172597 0.0393947 0.0257277
0.411461 -0.0939118 0.906576
255 255 255 0
0.161548 0.414445
0 0 0 0
1.0 0.0 0.0 0.0
-0.138412 0.110382 0.0257277
0.329967 -0.263145 0.906574
255 255 255 0
0.228583 0.275246
0 0 0 0
1.0 0.0 0.0 0.0
-0.0768133 0.159504 0.0257277
0.183122 -0.380257 0.906571
255 255 255 0
0.349375 0.178918
0 0 0 0
1.0 0.0 0.0 0.0
196 # faces
2 1 0
5 4 3
1 7 6
10 9 8
7 12 11
7 11 6
12 14 13
17 16 15
14 19 18
14 18 13
19 21 20
19 20 18
21 23 22
21 22 20
23 25 24
28 27 26
25 30 29
25 29 24
30 32 31
30 31 29
32 34 33
32 33 31
34 36 35
34 35 33
36 38 37
36 37 35
38 2 3
38 3 37
3 0 39
3 39 40
0 6 41
44 43 42
6 11 45
6 45 41
11 13 46
11 46 45
13 18 47
13 47 46
18 20 48
18 48 47
20 22 49
20 49 48
22 24 50
22 50 49
24 29 51
24 51 50
29 31 52
29 52 51
31 33 53
31 53 52
33 35 54
33 54 53
35 37 55
35 55 54
37 3 40
37 40 55
40 39 56
40 56 57
39 41 58
39 58 56
41 45 59
41 59 58
45 46 60
63 62 61
46 47 64
46 64 60
47 48 65
47 65 64
48 49 66
48 66 65
49 50 67
49 67 66
50 51 68
50 68 67
51 52 69
51 69 68
52 53 70
52 70 69
53 54 71
53 71 70
54 55 72
54 72 71
55 40 57
55 57 72
57 56 73
57 73 74
56 58 75
56 75 73
58 59 76
58 76 75
59 60 77
59 77 76
60 64 78
60 78 77
64 65 79
64 79 78
65 66 80
65 80 79
66 67 81
66 81 80
67 68 82
67 82 81
68 69 83
68 83 82
69 70 84
69 84 83
70 71 85
70 85 84
71 72 86
71 86 85
72 57 74
72 74 86
74 73 87
74 87 88
73 75 89
73 89 87
75 76 90
75 90 89
76 77 91
76 91 90
77 78 92
77 92 91
78 79 93
78 93 92
79 80 94
79 94 93
80 81 95
98 97 96
81 82 99
81 99 95
82 83 100
82 100 99
83 84 101
83 101 100
84 85 102
84 102 101
85 86 103
85 103 102
86 74 88
86 88 103
88 87 104
88 104 105
87 89 106
87 106 104
89 90 107
89 107 106
90 91 108
90 108 107
91 92 109
91 109 108
92 93 110
92 110 109
93 94 111
93 111 110
94 95 112
94 112 111
95 99 113
95 113 112
99 100 114
99 114 113
100 101 115
100 115 114
101 102 116
101 116 115
102 103 117
102 117 116
103 88 105
103 105 117
105 104 1
105 1 2
104 106 7
104 7 1
106 107 12
106 12 7
107 108 14
107 14 12
108 109 19
108 19 14
109 110 21
109 21 19
110 111 23
110 23 21
111 112 25
111 25 23
112 113 30
112 30 25
113 114 32
113 32 30
114 115 34
114 34 32
115 116 36
115 36 34
116 117 38
116 38 36
117 105 2
117 2 38
